1.12092 98.8314
1.67099 88.4257
1.76887 4.18838
1.79421 96.5995
2.02258 91.3966
2.16751 88.434
2.22726 87.2126
2.17757 88.2283
2.56324 30.9537
2.91514 26.3303
3.07197 38.3374
3.51984 38.543
3.55195 45.414
3.68937 45.6121
4.00324 31.75
4.13356 2.82225
4.82024 58.068
5.30611 67.1961
5.51172 33.1689
5.90395 58.6412
6.11072 36.997
6.1403 73.1082
6.29679 19.3215
5.36034 15.6204
6.33163 94.0231
6.38673 19.4152
6.40536 93.099
6.46133 58.936
6.53075 91.5273
6.44447 92.6087
6.5481 36.8041
6.18118 37.0148
6.61854 90.4269
6.70101 70.4299
6.72714 19.7699
6.7605 57.2702
6.78636 58.0094
6.87473 16.534
6.77796 18.6556
6.92055 15.5293
6.87796 16.4632
6.7369 19.5558
6.94552 57.5556
6.98477 57.4437
7.07339 12.1784
7.12243 57.5502
7.16427 29.5804
6.64365 29.1822
7.26917 57.6637
7.27164 88.5189
7.36203 29.7317
7.44139 57.5404
5.99527 57.5849
7.11249 20.1714
7.74226 36.2773
8.18152 59.0194
8.39423 29.2133
6.59928 25.6275
8.39083 29.2065
8.41579 29.2069
8.47351 35.9547
7.87486 35.3916
8.53175 58.5846
8.53788 29.5003
5.29369 30.1387
8.69506 20.3423
8.95706 92.9377
9.15803 35.6528
9.24564 56.2485
9.03752 92.8308
9.36538 17.8728
9.3698 80.2279
9.37499 35.5571
9.45512 31.3326
9.53628 92.168
9.63103 24.5946
9.68217 55.9359
9.69826 53.96
9.83729 66.9645
9.90712 55.9765
9.90763 24.5003
10.0041 67.5848
10.0755 37.9971
10.1295 79.6448
10.2386 68.4571
10.2906 68.6505
10.3946 25.0114
10.4629 76.9988
10.592 63.9973
10.6935 85.6957
10.6996 66.9857
9.71227 35.7656
10.8812 82.3111
10.8866 37.1453
10.9633 62.8965
11.649 92.3811
11.6018 92.4295
11.6907 92.3739
12.0818 66.0506
11.8458 65.9984
12.1632 36.2644
12.2531 24.5034
12.3902 72.0055
12.5145 65.4224
12.5218 76.4745
12.9668 59.1315
12.9764 57.7681
11.7478 3.76552
13.3267 56.5937
13.0963 57.3663
13.2898 90.7019
10.6053 90.7473
13.4148 12.2468
13.5294 45.1105
13.9456 76.0202
14.1577 53.8072
14.4489 72.3426
14.5217 73.3138
14.5414 90.5937
14.6501 75.0291
14.6566 40.6961
14.6835 75.4753
14.7061 75.7776
14.7313 76.1133
15.0091 48.1326
15.1219 48.7169
15.2598 34.9947
14.804 7.02065
15.4608 50.4719
15.4979 75.525
15.5609 4.77131
15.5857 51.1186
15.7132 64.9576
16.4902 82.6425
15.7206 82.4899
16.5209 17.4386
17.4283 14.1238
17.4637 88.7688
17.5914 88.6891
17.8307 82.9084
18.6668 88.0175
18.8268 26.4726
18.9841 83.1371
19.0084 84.2604
18.4339 79.6107
19.059 20.3518
19.0814 20.6054
19.1509 19.4657
19.1833 27.8951
19.21 87.6783
18.4777 88.678
19.24 18.0034
19.0956 20.3735
19.2683 17.538
19.3232 20.655
19.3262 90.7685
18.4176 15.4779
19.1634 12.7086
19.9403 17.5623
20.1037 9.21736
20.269 84.5471
20.4816 70.2413
20.5942 88.5127
20.3933 86.0628
20.6311 70.3336
20.5713 70.2478
20.6538 83.4681
20.3019 84.455
20.8936 18.8672
21.0174 36.4017
21.1963 35.9309
21.3786 48.4925
21.382 19.1389
21.1946 20.5836
21.6171 36.1546
21.9975 51.3801
22.1305 6.44475
22.1391 60.3088
22.3152 42.5995
21.9274 42.9625
22.8632 16.406
23.0707 53.8027
23.6641 50.8768
23.9308 37.3847
24.0909 2.8041
24.2265 22.2421
24.3237 63.1153
24.3897 35.0125
24.3071 35.4398
24.2088 13.1154
24.5479 55.7316
24.6111 50.5908
24.9397 60.1381
25.1964 55.7624
25.6622 11.5288
25.1902 75.8709
25.9362 7.38135
25.9536 13.316
26.2184 49.0647
26.5959 49.1094
26.6068 48.7199
27.0592 25.9574
27.3492 54.7135
27.4694 54.9944
27.5456 13.4991
27.5553 55.8746
27.6636 55.4485
27.7388 54.9588
27.7812 54.9855
27.8518 55.8887
28.6095 89.1105
28.8861 36.0342
28.4074 36.8341
29.6739 15.0524
29.6937 38.0822
29.9636 25.1482
30.0058 91.5726
30.2916 22.718
30.3011 8.59686
30.3614 14.1984
30.4612 28.0179
30.6049 36.1096
29.47 35.8342
31.1721 88.7278
31.486 80.4159
31.5217 88.6536
31.7243 87.3808
32.0554 29.9543
32.9004 36.6667
33.0948 15.775
33.3656 32.9126
33.6096 13.8007
33.8665 79.675
33.9224 80.1553
33.9383 14.4662
34.0388 34.4327
32.997 36.4771
34.1413 82.0388
34.1493 34.6824
34.1876 34.1408
34.214 18.2323
34.3985 37.0303
33.238 36.7486
34.3576 36.6449
34.8072 23.6652
34.8393 15.0908
34.9947 74.4766
35.1786 16.9769
35.3103 22.9115
35.7661 55.6792
35.7671 78.5674
35.8103 79.9534
36.0305 3.56602
36.0914 9.6689
36.2065 2.72984
36.6974 61.0269
36.8765 74.8025
36.8855 3.96365
36.9135 18.5203
37.4518 4.22704
37.9751 28.3848
38.0095 49.595
38.2903 79.6246
38.3178 79.5788
38.3387 79.6102
38.4584 79.7891
38.5926 79.5345
37.5192 66.3156
38.7302 78.4359
38.7765 59.6378
38.8439 79.0581
38.794 78.7851
38.8766 5.94016
38.9245 7.34162
39.0151 78.4168
39.122 79.3769
39.1882 78.4051
39.4058 64.4868
39.5533 64.5675
39.6008 79.2342
39.7621 64.8855
39.7639 81.7409
39.79 18.8272
39.934 64.7758
40.3432 31.1222
40.3603 30.9095
40.417 31.1362
40.1415 59.3699
40.4533 80.8311
39.3594 78.7819
40.6534 32.0827
40.8101 40.707
40.983 83.5637
41.157 34.0985
41.1933 47.9405
41.4488 82.6959
41.5551 40.5741
41.6226 84.5199
41.7673 79.0971
41.8306 7.7285
42.6129 36.2769
43.0845 57.171
43.413 79.0364
43.4561 57.7639
43.502 49.0453
43.6051 49.5359
43.7382 50.1696
43.8821 57.385
44.0431 65.3402
44.2122 42.511
44.5534 65.7746
45.5376 78.9582
46.6996 22.3608
47.3242 17.7119
47.3549 64.4281
47.4214 17.4529
47.7351 16.6177
47.837 17.6156
48.7019 16.5939
49.2102 17.3579
49.5385 84.5408
49.7519 28.8986
49.8452 76.0981
49.9996 86.5934
50.1023 22.388
50.1889 20.2891
50.7125 78.5678
50.7137 76.0642
50.715 73.2411
51.3246 87.9989
51.1374 88.2629
51.6038 59.1341
51.6234 59.2124
51.6867 59.4654
51.7731 59.3472
51.791 59.3697
51.7945 59.3665
52.5993 64.9507
52.6566 75.9884
52.8978 67.4009
53.0156 60.9112
53.355 38.3497
53.5184 78.8174
53.6953 64.0991
53.7604 39.8331
53.7908 78.4391
53.9163 32.8061
53.9668 32.0568
54.4367 43.572
54.8223 65.1384
54.9401 63.1319
55.3861 38.0239
55.4289 62.7521
55.4967 62.6994
55.5553 62.7522
55.668 43.1528
56.0076 63.1594
56.1206 66.3358
56.559 63.6558
56.6482 39.096
56.6729 42.8106
56.7026 94.5294
56.7163 82.2551
56.8434 94.239
56.8702 94.3016
56.9004 94.2605
56.9178 94.4131
57.0771 94.3269
57.2158 87.9995
57.469 42.5395
57.739 49.9209
57.9009 86.5847
58.2109 38.7977
58.6496 88.4068
58.7164 88.5693
58.7749 91.532
58.9182 39.9532
59.0198 38.6433
59.0954 37.6694
59.2678 71.5072
59.5163 21.3927
59.5721 90.652
59.6238 88.9139
59.7439 21.7715
59.9163 45.3811
60.0662 70.781
60.1702 12.3136
60.3939 76.2271
60.4066 22.8744
60.5246 95.3021
60.6873 20.6148
60.7568 89.3442
60.9259 60.68
61.0616 20.1559
60.6427 19.9256
61.1167 60.9104
61.1352 93.5009
61.2204 60.5295
61.4408 83.0951
61.4538 25.5893
61.6073 19.4868
61.4298 19.3178
61.7692 82.1474
61.8671 25.3049
61.9435 82.3086
62.2079 90.3367
62.2817 18.6599
62.432 89.6757
63.0125 78.5598
61.9931 81.5013
63.0683 5.21989
63.4553 17.221
63.9413 16.6252
64.1847 84.5083
64.2469 74.2547
64.4858 58.8978
64.5169 16.6141
64.7938 16.6087
64.9516 16.9462
65.4701 22.8262
65.7482 39.7532
65.9209 29.4317
66.5429 18.6534
66.596 79.8488
66.8915 80.1847
66.9701 79.9834
66.4466 81.3241
67.54 82.8647
68.0136 16.384
68.0814 24.211
68.2021 75.0994
68.2059 85.6186
68.3698 24.9771
68.7019 24.3623
68.7396 25.9591
68.9449 88.094
69.1482 85.7901
69.625 63.1828
69.6913 11.4626
69.8166 18.0523
69.8788 24.5556
70.0229 92.1542
70.1568 76.1962
70.1783 74.5014
70.1486 76.8446
70.2046 27.2236
69.8153 24.6338
70.4854 27.7821
70.511 26.158
70.5183 26.1329
70.5645 26.1328
70.6769 17.0581
70.8119 86.8413
70.7383 87.3368
70.8751 24.8921
70.9189 24.7398
71.058 23.2868
71.3604 23.2043
71.6165 23.1345
71.6609 24.6745
71.8641 23.067
72.0003 25.4558
71.8597 25.1322
71.4595 24.211
72.0755 75.9071
72.156 25.8142
72.2925 26.1285
72.4048 25.2651
72.7273 32.2417
72.9516 3.92774
72.9987 59.1601
72.0276 9.90243
72.9713 6.86648
73.7194 99.4127
73.8409 2.87478
73.8653 31.3367
73.9598 26.6709
74.0671 26.3337
74.0741 3.3186
74.1242 3.15757
74.2111 3.24429
74.4227 37.539
74.4721 30.214
74.5731 92.2945
74.6532 22.3064
74.894 94.3452
74.9674 75.4714
75.0046 24.3803
75.1131 78.3048
74.6949 1.86356
75.2215 4.25283
74.915 2.8623
75.6083 64.57
75.7801 41.3885
76.3121 55.5006
76.4306 84.7037
76.3924 84.4109
76.483 9.97646
76.5129 10.1121
75.8389 7.05403
76.4852 9.98678
76.6061 10.1066
76.6362 56.0031
76.8452 87.8833
77.0153 35.3863
77.3082 45.2361
77.4117 9.19521
77.5824 42.8897
77.6206 30.586
77.6548 51.7745
78.2306 42.3338
78.4967 89.4708
78.5112 24.0188
78.7998 41.8457
78.8351 52.5422
79.1074 34.5092
79.4006 55.8434
80.3673 40.5015
78.7131 64.7094
80.6052 40.2974
80.9485 66.4157
80.8998 64.2774
81.1229 6.02431
81.2961 66.681
81.7107 11.2126
81.7194 70.7493
81.765 67.0389
81.9221 77.9638
82.5501 23.0607
82.5361 22.9635
82.3615 21.7512
82.5255 22.8896
82.5077 22.971
82.8357 21.472
82.4844 23.0775
82.9469 69.4369
83.1755 32.7211
83.2725 41.3954
83.5808 77.559
83.7854 51.839
84.1764 83.084
84.2466 22.9128
84.629 50.4647
84.7769 29.5039
84.8292 41.8744
84.9121 51.0679
84.4847 7.20611
84.9946 37.5259
85.0605 54.3686
85.072 90.1679
85.5202 9.29032
85.5975 7.2872
85.631 6.42026
85.6565 5.76073
85.912 42.2075
86.4516 93.5542
86.4742 40.8516
86.7706 44.4688
86.8526 11.876
84.3182 11.549
86.0016 68.7331
87.2554 93.9946
87.2958 19.0809
87.5812 22.2377
87.6455 32.8018
87.7855 13.4992
87.807 29.1802
87.8613 4.89126
88.1995 70.2977
88.2055 70.2956
88.2106 70.3056
88.1838 88.4755
88.3939 10.1611
88.5251 7.76045
88.7816 4.52831
88.7831 21.9943
88.9441 11.0859
89.1706 44.5174
89.2307 52.3048
89.4156 21.8663
89.8343 20.7554
89.8363 57.0851
90.0808 52.5483
90.354 95.6923
89.8938 76.5651
90.5062 81.1705
90.043 77.6869
90.8558 43.3759
91.2526 52.8839
91.113 53.9695
91.5444 28.1459
90.4493 29.7447
91.7623 56.9972
91.7815 63.8379
91.9103 76.7377
92.0442 8.72825
92.0893 77.5242
92.2685 8.74498
92.3961 8.46066
93.6824 36.078
93.7929 20.9569
94.121 51.0903
94.1891 41.9925
94.2147 40.8892
90.9591 43.2309
94.0748 40.9898
94.2483 41.9679
94.5287 35.5544
94.5832 35.2966
89.2229 13.5936
95.685 49.7738
95.8534 10.3285
95.8831 9.01471
95.957 5.75257
96.3447 33.7686
96.8846 34.097
98.2037 84.2566
99.5415 9.28771