3.07197 38.3374
7.12243 57.5502
7.13789 12.2417
7.74226 36.2773
8.39083 29.2065
9.3698 80.2279
9.53628 92.168
10.4629 76.9988
11.3659 57.4196
15.1219 48.7169
15.4608 50.4719
16.5209 17.4386
19.059 20.3518
19.0841 87.7569
19.9403 17.5623
21.3383 19.4759
22.1391 60.3088
23.6641 50.8768
24.5479 55.7316
24.6111 50.5908
24.9397 60.1381
25.1902 75.8709
25.1964 55.7624
33.0948 15.775
35.7661 55.6792
38.8766 5.94016
56.9178 94.4131
61.4538 25.5893
64.9895 79.2709
66.596 79.8488
67.54 82.8647
69.8153 24.6338
71.6165 23.1345
74.4721 30.214
76.6061 10.1066
79.0445 11.3734
79.9349 17.4448
85.6618 5.62314
86.2481 37.3229
88.8247 78.0687
91.113 53.9695
91.1852 87.5724
92.0442 8.72825
92.2685 8.74498
92.3961 8.46066
95.8831 9.01471
95.957 5.75257
96.8846 34.097