36.0914 9.6689
91.113 53.9695
93.0411 56.6244
90.0808 52.5483
71.8155 4.54423
74.0741 3.3186
72.9516 3.92774
74.915 2.8623
74.2111 3.24429
81.6982 22.1419
9.3698 80.2279
15.4979 75.525
14.7313 76.1133
10.1295 79.6448
88.8247 78.0687
87.1203 76.927
3.07197 38.3374
3.51984 38.543
60.3939 76.2271
86.2481 37.3229
84.9946 37.5259
52.8978 67.4009
81.9221 77.9638
83.7707 77.5127
83.5808 77.559
66.596 79.8488
66.8915 80.1847
66.7537 80.0279
51.791 59.3697
53.0156 60.9112
51.7731 59.3472
51.6038 59.1341
56.9178 94.4131
56.8434 94.239
56.8702 94.3016
23.0101 16.6894
22.8864 16.5614
19.1634 12.7086
88.1838 88.4755
53.355 38.3497
55.3861 38.0239
57.5398 37.6785
77.3082 45.2361
50.715 73.2411
46.6996 22.3608
91.9103 76.7377
64.9895 79.2709
66.9701 79.9834
66.6907 79.8829
63.0125 78.5598
90.043 77.6869
89.2452 77.9369
86.7706 44.4688
23.6641 50.8768
24.6111 50.5908
21.9975 51.3801
94.1891 41.9925
94.1965 41.6757
94.2147 40.8892
35.7661 55.6792
74.9674 75.4714
72.0755 75.9071
70.1568 76.1962
24.5479 55.7316
23.0707 53.8027
72.0276 9.90243
75.8389 7.05403
19.0841 87.7569
19.0861 87.8475
19.0084 84.2604
18.9841 83.1371
19.06 86.6441
19.059 20.3518
19.696 20.7314
19.0956 20.3735
78.7131 64.7094
80.8998 64.2774
81.7194 70.7493
30.3011 8.59686
62.2817 18.6599
61.4298 19.3178
60.6427 19.9256
64.2469 74.2547
4.13356 2.82225
24.9397 60.1381
22.1391 60.3088
54.4367 43.572
35.871 54.0797
29.6739 15.0524
91.7623 56.9972
67.54 82.8647
66.4466 81.3241
7.74226 36.2773
9.15803 35.6528
6.5481 36.8041
9.37499 35.5571
6.11072 36.997
8.47351 35.9547
9.54542 35.4819
91.1852 87.5724
7.13789 12.2417
7.04549 12.79
77.4842 66.2851
69.8153 24.6338
68.0814 24.211
70.8751 24.8921
71.8597 25.1322
68.7019 24.3623
72.4048 25.2651
85.6618 5.62314
85.5246 9.17624
85.6565 5.76073
85.631 6.42026
85.5975 7.2872
85.5202 9.29032
2.02258 91.3966
2.16751 88.434
2.22726 87.2126
2.17757 88.2283
19.1833 27.8951
15.1219 48.7169
33.6096 13.8007
34.8393 15.0908
24.3237 63.1153
81.1229 6.02431
89.8938 76.5651
2.91514 26.3303
21.3383 19.4759
19.9403 17.5623
20.8936 18.8672
19.9539 17.5809
17.4283 14.1238
18.4176 15.4779
19.3187 16.7115
8.39083 29.2065
8.39423 29.2133
8.53788 29.5003
6.59928 25.6275
9.45512 31.3326
38.8766 5.94016
41.4017 8.97615
36.2065 2.72984
37.4518 4.22704
22.3152 42.5995
22.4778 42.6291
28.4476 39.301
71.6165 23.1345
71.4862 22.7667
69.8166 18.0523
33.0948 15.775
35.1786 16.9769
30.3614 14.1984
70.5183 26.1329
72.2925 26.1285
70.5645 26.1328
95.8831 9.01471
95.957 5.75257
95.8534 10.3285
96.0316 2.46198
9.69826 53.96
21.3786 48.4925
11.3659 57.4196
12.9764 57.7681
25.1902 75.8709
44.2122 42.511
50.7142 75.0657
76.6061 10.1066
76.5129 10.1121
16.8736 83.9391
17.8307 82.9084
11.7286 89.4799
61.4538 25.5893
9.53628 92.168
6.44447 92.6087
20.5942 88.5127
7.07339 12.1784
91.2526 52.8839
2.91543 31.6242
2.56324 30.9537
10.4629 76.9988
11.2268 75.1534
7.12243 57.5502
6.94552 57.5556
13.0963 57.3663
7.44139 57.5404
9.42184 57.4794
5.99527 57.5849
81.7107 11.2126
8.41579 29.2069
6.64365 29.1822
14.6566 40.6961
15.5609 4.77131
68.2059 85.6186
57.0771 94.3269
56.7026 94.5294
65.7482 39.7532
61.8671 25.3049
65.4701 22.8262
40.3603 30.9095
40.6534 32.0827
41.157 34.0985
40.417 31.1362
12.3902 72.0055
21.384 19.1234
21.382 19.1389
21.1946 20.5836
32.1744 84.5533
31.5217 88.6536
31.7243 87.3808
14.1577 53.8072
96.8846 34.097
94.5287 35.5544
93.6824 36.078
6.29679 19.3215
5.94227 17.9204
6.31301 19.3856
5.36034 15.6204
82.9469 69.4369
73.9598 26.6709
72.156 25.8142
71.6997 25.5975
15.4608 50.4719
15.0091 48.1326
15.5857 51.1186
32.0554 29.9543
81.332 50.1435
87.5812 22.2377
79.1074 34.5092
75.1131 78.3048
38.9245 7.34162
62.2416 81.8423
61.9435 82.3086
61.4408 83.0951
83.2725 41.3954
10.0041 67.5848
10.2906 68.6505
9.83729 66.9645
10.2386 68.4571
70.4854 27.7821
25.1964 55.7624
47.7351 16.6177
47.6162 16.9343
47.3242 17.7119
47.4214 17.4529
92.2685 8.74498
92.0442 8.72825
99.5415 9.28771
94.4483 8.90764
92.3961 8.46066
91.1863 11.1556
40.1415 59.3699
27.0592 25.9574
12.2531 24.5034
79.9349 17.4448
6.98477 57.4437
7.26917 57.6637
6.7605 57.2702
86.7338 90.9059
84.5216 88.3829
8.18152 59.0194
33.9224 80.1553
35.8103 79.9534
31.486 80.4159
57.9009 86.5847
15.7132 64.9576
10.9633 62.8965
48.7019 16.5939
49.2102 17.3579
16.4902 82.6425
96.3447 33.7686
39.7639 81.7409
41.6226 84.5199
38.3178 79.5788
38.3387 79.6102
38.4584 79.7891
40.983 83.5637
55.5553 62.7522
55.4289 62.7521
79.0445 11.3734
82.2366 8.59952
85.3763 5.87122
83.89 7.16277
43.7382 50.1696
43.6051 49.5359
43.502 49.0453
10.0755 37.9971
68.7396 25.9591
65.9209 29.4317
69.8788 24.5556
70.6769 17.0581
7.75946 87.0938
6.14124 91.8213
7.27164 88.5189
6.61854 90.4269
29.5917 34.8552
28.4074 36.8341
28.8861 36.0342
71.8641 23.067
71.3604 23.2043
71.058 23.2868
74.6532 22.3064
72.3458 22.9356
10.8812 82.3111
17.5914 88.6891
19.21 87.6783
11.6907 92.3739
11.6018 92.4295
17.4637 88.7688
18.6668 88.0175
14.5414 90.5937
21.5862 68.4923
21.4628 69.2005
9.03752 92.8308
11.6834 89.3147
8.95706 92.9377
10.6053 90.7473
89.2229 13.5936
89.2143 13.5968
87.2958 19.0809
74.4721 30.214
73.8653 31.3367
58.7905 56.9733
40.8101 40.707
41.5551 40.5741
24.3071 35.4398
16.5209 17.4386
19.9367 17.5622
17.2971 17.4667
15.6787 17.4081
17.2623 17.4654
19.2683 17.538
76.4894 9.98324
76.483 9.97646
20.4816 70.2413
20.5713 70.2478
97.4441 81.612
40.236 19.1316
39.79 18.8272
74.894 94.3452
74.5731 92.2945
11.5745 85.1183
10.6935 85.6957
27.8518 55.8887
27.5553 55.8746
19.3232 20.655
19.0944 20.3924
88.9441 11.0859
89.1822 10.9048
49.9996 86.5934
51.1374 88.2629
98.2037 84.2566
84.8864 51.0132
84.9121 51.0679
84.629 50.4647
69.1482 85.7901
33.3656 32.9126
29.9636 25.1482
91.7815 63.8379
89.8363 57.0851
85.0605 54.3686
28.6095 89.1105
5.30611 67.1961
13.8137 39.0931
10.8866 37.1453
83.7854 51.839
76.4306 84.7037
76.3924 84.4109
76.8452 87.8833
78.156 38.6991
81.6091 39.4365
71.9918 23.4451
89.2143 13.5978
66.5429 18.6534
51.3246 87.9989
9.63103 24.5946
10.3946 25.0114
68.3698 24.9771
57.8485 60.7372
57.478 63.1973
89.2307 52.3048
10.1499 21.6222
32.2033 35.5827
32.997 36.4771
33.238 36.7486
3.55195 45.414
20.6311 70.3336
12.1632 36.2644
11.8655 36.2038
9.71227 35.7656
7.87486 35.3916
9.78629 35.7806
50.1889 20.2891
7.3051 90.9428
10.8179 86.1505
88.1995 70.2977
88.2055 70.2956
88.7831 21.9943
53.5184 78.8174
4.00324 31.75
35.7671 78.5674
36.8765 74.8025
22.8632 16.406
37.9751 28.3848
87.2554 93.9946
56.7163 82.2551
88.7816 4.52831
72.7273 32.2417
19.9631 77.7392
17.1461 76.9918
41.7673 79.0971
40.4533 80.8311
25.9362 7.38135
24.0909 2.8041
26.5978 9.02229
33.9383 14.4662
49.5385 84.5408
12.9668 59.1315
41.2188 3.87401
30.4612 28.0179
85.072 90.1679
81.765 67.0389
80.9485 66.4157
81.2961 66.681
88.5251 7.76045
49.7519 28.8986
59.7439 21.7715
60.6873 20.6148
63.4553 17.221
61.6073 19.4868
61.0616 20.1559
63.9413 16.6252
59.5163 21.3927
60.4066 22.8744
62.5214 26.3937
21.9274 42.9625
25.7378 44.9981
30.4498 36.1607
30.4817 36.0797
29.6937 38.0822
39.5186 78.3829
39.122 79.3769
38.9712 79.7548
39.3594 78.7819
47.3549 64.4281
69.625 63.1828
87.7855 13.4992
89.2015 12.5234
22.1305 6.44475
6.72714 19.7699
6.77796 18.6556
6.92055 15.5293
6.7369 19.5558
6.87796 16.4632
6.87473 16.534
21.3529 19.1072
19.24 18.0034
63.0683 5.21989
19.4881 79.6315
15.7206 82.4899
16.6699 81.7697
12.1246 36.1115
34.1413 82.0388
33.8665 79.675
76.3121 55.5006
79.4006 55.8434
11.7478 3.76552
6.53075 91.5273
5.29369 30.1387
7.16427 29.5804
39.0151 78.4168
38.2903 79.6246
38.794 78.7851
18.4339 79.6107
11.8458 65.9984
12.5145 65.4224
10.6996 66.9857
6.70101 70.4299
9.27677 68.2112
22.4409 42.4818
60.1489 70.7058
80.6052 40.2974
51.7945 59.3665
51.6867 59.4654
86.0016 68.7331
88.2106 70.3056
94.5832 35.2966
38.7119 30.9543
40.1591 33.4022
88.3939 10.1611
89.5409 8.88501
91.8636 6.30089
86.8526 11.876
89.1632 9.3053
30.2916 22.718
34.8072 23.6652
64.4858 58.8978
24.2265 22.2421
70.0229 92.1542
97.3784 92.1058
78.0402 38.3627
77.0153 35.3863
55.668 43.1528
13.9456 76.0202
14.7061 75.7776
12.5218 76.4745
94.121 51.0903
95.685 49.7738
6.78636 58.0094
6.46133 58.936
7.09367 57.1333
73.0024 19.0442
25.6622 11.5288
25.9536 13.316
90.5062 81.1705
89.7528 75.5045
84.1764 83.084
15.0497 94.802
20.3933 86.0628
21.445 84.627
18.4777 88.678
7.11249 20.1714
6.38673 19.4152
11.649 92.3811
9.34291 92.7782
39.5533 64.5675
39.4058 64.4868
39.934 64.7758
82.4459 52.8436
84.8407 51.0475
85.5041 50.55
64.1847 84.5083
61.9931 81.5013
14.6835 75.4753
71.464 5.68913
69.6913 11.4626
50.1023 22.388
90.354 95.6923
53.017 60.4671
78.4967 89.4708
15.2598 34.9947
19.7037 62.2838
16.1733 60.0165
58.317 22.1894
61.2348 20.2511
72.7731 56.42
76.6362 56.0031
39.1882 78.4051
38.7302 78.4359
38.7765 59.6378
64.5169 16.6141
74.1242 3.15757
72.9713 6.86648
72.9987 59.1601
39.3247 21.6153
49.8452 76.0981
50.7137 76.0642
52.6566 75.9884
38.2707 62.6144
60.5246 95.3021
30.6049 36.1096
56.6729 42.8106
31.1721 88.7278
57.2158 87.9995
82.5361 22.9635
82.3615 21.7512
82.5501 23.0607
82.5255 22.8896
74.6949 1.86356
73.8409 2.87478
89.1743 10.2372
75.6083 64.57
13.3267 56.5937
9.68217 55.9359
10.5402 56.0908
9.90712 55.9765
14.8434 56.8674
70.7383 87.3368
68.9449 88.094
13.4148 12.2468
18.5322 19.1273
13.2898 90.7019
70.2046 27.2236
70.9189 24.7398
71.2257 23.6728
70.511 26.158
59.2678 71.5072
21.6171 36.1546
24.3897 35.0125
21.0174 36.4017
3.68937 45.6121
78.8351 52.5422
23.9308 37.3847
21.1963 35.9309
61.1167 60.9104
61.2204 60.5295
61.7692 82.1474
20.261 84.4488
20.269 84.5471
19.3262 90.7685
68.0136 16.384
64.9516 16.9462
1.67099 88.4257
56.0076 63.1594
51.6234 59.2124
55.4967 62.6994
56.559 63.6558
59.0198 38.6433
56.6482 39.096
58.2109 38.7977
70.1783 74.5014
78.7998 41.8457
78.2306 42.3338
77.5824 42.8897
80.3673 40.5015
79.3977 49.9874
79.5584 8.69798
84.3182 11.549
86.4534 7.34957
85.4479 9.32715
77.6206 30.586
41.0087 10.1195
41.8306 7.7285
27.3492 54.7135
27.4694 54.9944
27.6636 55.4485
36.0305 3.56602
12.0818 66.0506
74.0671 26.3337
34.1876 34.1408
34.0388 34.4327
32.9004 36.6667
77.6548 51.7745
34.3576 36.6449
65.7249 67.0251
29.47 35.8342
9.12092 3.63955
44.0431 65.3402
45.5376 78.9582
87.8613 4.89126
36.8855 3.96365
74.4227 37.539
54.9401 63.1319
58.0751 63.2126
39.674 20.6634
53.9668 32.0568
11.4253 67.0034
87.807 29.1802
91.5444 28.1459
5.90395 58.6412
9.24564 56.2485
11.2942 55.1546
10.9492 36.5302
26.2184 49.0647
26.6068 48.7199
38.5926 79.5345
38.9135 79.439
39.6008 79.2342
8.53175 58.5846
94.2483 41.9679
90.8558 43.3759
43.4561 57.7639
43.0845 57.171
50.7125 78.5678
62.2079 90.3367
43.413 79.0364
26.5959 49.1094
77.9588 41.7183
75.7801 41.3885
47.837 17.6156
64.7938 16.6087
23.0571 61.774
20.31 60.5198
18.8268 26.4726
60.9259 60.68
76.4852 9.98678
77.4117 9.19521
75.0224 11.2367
89.8343 20.7554
89.4156 21.8663
31.4548 62.4122
60.1702 12.3136
52.5993 64.9507
86.4742 40.8516
85.912 42.2075
6.1403 73.1082
36.6974 61.0269
20.3019 84.455
41.3002 16.231
27.5456 13.4991
89.1706 44.5174
20.6538 83.4681
78.5112 24.0188
82.5077 22.971
72.2185 16.5766
75.2215 4.25283
73.7194 99.4127
66.8585 80.2694
72.3014 16.8377
71.9084 15.6004
92.8987 81.0805
92.0893 77.5242
1.79421 96.5995
1.12092 98.8314
71.6609 24.6745
75.0046 24.3803
53.7908 78.4391
40.3432 31.1222
84.2466 22.9128
38.0095 49.595
27.7388 54.9588
27.7812 54.9855
24.2088 13.1154
58.7749 91.532
59.5721 90.652
60.7568 89.3442
60.6586 89.4526
14.5217 73.3138
14.4489 72.3426
14.6501 75.0291
39.7621 64.8855
75.0978 12.0701
4.82024 58.068
82.8357 21.472
27.7897 54.952
59.0954 37.6694
86.4516 93.5542
60.0662 70.781
83.1755 32.7211
36.5391 8.16964
18.6234 14.7137
84.7769 29.5039
36.9135 18.5203
59.9163 45.3811
94.0748 40.9898
65.8832 66.8456
57.739 49.9209
82.4844 23.0775
53.6953 64.0991
6.33163 94.0231
6.40536 93.099
8.69506 20.3423
58.9182 39.9532
37.5192 66.3156
93.7929 20.9569
34.214 18.2323
57.469 42.5395
74.4594 19.8941
6.18118 37.0148
56.9004 94.2605
83.6446 77.6164
61.1352 93.5009
62.432 89.6757
34.1493 34.6824
34.9947 74.4766
7.36203 29.7317
9.90763 24.5003
71.4595 24.211
72.0003 25.4558
43.8821 57.385
70.8119 86.8413
92.1309 29.4283
87.6455 32.8018
90.9591 43.2309
84.8292 41.8744
5.51172 33.1689
9.83563 35.8418
20.1037 9.21736
34.3985 37.0303
40.827 31.2139
10.8535 38.1933
38.8439 79.0581
90.4493 29.7447
9.36538 17.8728
58.7164 88.5693
58.6496 88.4068
41.4488 82.6959
42.6129 36.2769
54.8223 65.1384
59.6238 88.9139
41.1933 47.9405
84.4847 7.20611
44.5534 65.7746
10.592 63.9973
14.804 7.02065
13.5294 45.1105
30.0058 91.5726
70.1486 76.8446
68.2021 75.0994
1.76887 4.18838
35.3103 22.9115
56.1206 66.3358
19.1509 19.4657
53.9163 32.8061
87.9344 76.4871
19.0814 20.6054
53.7604 39.8331